237.25,98.83333333,103.25,92.75,163,184.25,185.0833333,155,116.5833333,110.3333333,130.4166667,210.3333333,270.0833333,543.25,621.5,571.3333333,245.5833333,247,185.75,159.1666667,124.3333333,258.75,440.6666667,373.0833333,234.9166667,168.25,159,129.3333333,185.5833333,180.1666667,245.5833333,294.25,354.6666667,432.6666667,462.8333333,248.6666667,253,240.3333333,448.5833333,450.8333333,463.8333333,754.9166667,386.9166667,482.5,474.4166667,377.0833333,462.9166667,315.25,
229.0833333,162.0833333,128,97.75,132.8333333,124.5833333,109.5,126.1666667,147.8333333,154.9166667,153.5,147.9166667,326,225.9166667,359.25,546.5,580,404,375.1666667,248.1666667,248.5,266.6666667,143.9166667,323.75,288.3333333,529.1666667,160.4166667,103.0833333,131.6666667,80.91666667,92.75,230.5833333,215.8333333,219.8333333,306.8333333,597.4166667,814.5833333,344.6666667,355.9166667,390.6666667,356.9166667,465.25,439.4166667,429.6666667,343.6666667,703,386.5833333,308.5,
236.3333333,290.3333333,223.4166667,201.6666667,142.9166667,94,138.0833333,90.16666667,304.1666667,248.9166667,72.91666667,80.33333333,180.25,297.0833333,399.6666667,405.25,457.75,528,381.8333333,112.75,178.0833333,259.25,198.75,165.8333333,159.8333333,90.91666667,145.8333333,107.5,73.5,166.75,221.1666667,303.8333333,365.75,369.75,239.3333333,553.6666667,397.9166667,313.5,354.5833333,323.9166667,487.5833333,623.8333333,503.8333333,855.5833333,510.25,563.8333333,436.5,294.1666667,
121.5833333,186.0833333,122.5833333,142.4166667,144.4166667,95.75,127.4166667,70.83333333,108.9166667,127.5,100.9166667,145.8333333,194.1666667,574.5,238.4166667,267.6666667,348.5,435.5833333,327.3333333,171.5,189.3333333,228.3333333,167.25,196.3333333,485.4166667,129.9166667,137.9166667,298.5833333,244.8333333,201.75,404.5833333,380.0833333,301.6666667,263.9166667,330,559.75,452.5833333,401.8333333,448.8333333,903.25,853.25,468.9166667,427,423,489.3333333,203.0833333,269.75,188.4166667,
186.8333333,132.9166667,154.5833333,78.5,98.66666667,124.5,175.4166667,188.3333333,67.08333333,67.16666667,104.0833333,115.0833333,179.75,262.6666667,561,657.5,170.25,137.4166667,280.25,234.8333333,175.4166667,285.75,289,200.75,287.8333333,117.75,89.66666667,232.3333333,153,93.16666667,111.5,200.4166667,331.4166667,279.8333333,624.1666667,668.1666667,480.8333333,368.5,465.25,708.4166667,598.75,399.9166667,583.5833333,480.3333333,509.5,460,509.4166667,307.4166667,
112.1666667,162.4166667,116.4166667,148.1666667,149.1666667,120.8333333,77.08333333,128.6666667,188.1666667,121.3333333,144.5,150.9166667,222.8333333,176.3333333,528.9166667,699.1666667,393.5,421.0833333,390.5833333,176.3333333,192.5833333,152.0833333,336.6666667,317.5,206.4166667,208.3333333,181.8333333,189.6666667,259,83.33333333,97.08333333,242.3333333,365,326.5,226.1666667,195.1666667,303.5,411.4166667,366.4166667,582.0833333,849.5,646.4166667,555,783,422.4166667,452.6666667,348.3333333,181.25,
401.3333333,325.4166667,162.75,128.6666667,190.9166667,145.75,182.3333333,152.5833333,92.33333333,104.3333333,256.3333333,308.25,187,150.5,269.3333333,236.1666667,309.4166667,274.6666667,243.25,166.1666667,183.75,261,161,110.3333333,137.4166667,190.1666667,117.6666667,170,142.3333333,160.8333333,109.5833333,134.75,217.75,212,175.5833333,122.0833333,132,263.1666667,363.4166667,527.3333333,722,849.5,834.75,1065.333333,843.9166667,468.3333333,516.0833333,492.8333333,
295.0833333,271.5,167.8333333,122.5,133.9166667,148.6666667,205.75,104.0833333,82.16666667,131.6666667,186.9166667,162.1666667,213.6666667,622.75,481.3333333,425.6666667,452.75,480.0833333,336.4166667,190.8333333,222.4166667,340.6666667,151.4166667,187.0833333,215.9166667,180.1666667,142.8333333,217.5833333,167.0833333,102.0833333,217.5,265.3333333,294.5,249.8333333,140.4166667,358.1666667,388.4166667,466.8333333,504.5833333,373.9166667,410.3333333,407.5,559.4166667,389.9166667,529.5833333,549.6666667,363.5833333,424.25,
300.3333333,90.91666667,162.25,168.5,118.9166667,115.3333333,81.5,79.33333333,144.5833333,120.0833333,154.0833333,201,241.75,222.1666667,734.6666667,292.6666667,512.0833333,507.25,226.25,186.3333333,165.4166667,134,175.1666667,246.8333333,208.6666667,193.3333333,89.33333333,98.41666667,121.0833333,194.6666667,442.8333333,355.1666667,381.9166667,557.6666667,367.0833333,343,360.1666667,281.1666667,419.8333333,465.25,1005.833333,673.6666667,457.75,402.1666667,306.8333333,252.3333333,336.9166667,366.5833333,
250.5833333,158.4166667,101.5,115.9166667,145,144.8333333,124.5833333,105.5,113.0833333,95.08333333,122.6666667,314.1666667,487.4166667,780.1666667,550,538.75,467.4166667,391,145.1666667,149.6666667,216.75,121.9166667,114.1666667,120.9166667,155.0833333,131.4166667,72.16666667,73.25,258.3333333,205.0833333,119.25,130,128.5833333,246.8333333,297.8333333,203.5833333,312.5833333,639.1666667,501.9166667,387.25,544,596.8333333,632.5,646.5,492.5,599.6666667,361.25,379.9166667,
226.6666667,208.8333333,85.75,166,181.9166667,131.0833333,127.4166667,161.25,108.5,118,155.3333333,370.9166667,619.4166667,523.1666667,557,366.8333333,469.4166667,348.8333333,138.9166667,170.9166667,152.1666667,131.1666667,271.9166667,217,212.25,195.4166667,253.8333333,308.6666667,155.25,96.08333333,144.75,162.5833333,171.5,209.4166667,197.0833333,227.9166667,320.9166667,479.1666667,330.75,392.9166667,494.3333333,479,437.1666667,516.5833333,619.5833333,610.25,569.5833333,411.5833333,
234.4166667,101.0833333,82.5,148.3333333,125.75,82.08333333,79.16666667,91.41666667,186.1666667,102.5833333,99.33333333,381.1666667,615.8333333,265.5,278.6666667,651.1666667,346.5833333,293.8333333,256.9166667,195,152.6666667,102.75,100,89.41666667,206.8333333,192.5,122.5,93,85.66666667,136.3333333,95.58333333,147.5,194.9166667,344,475.5,301.0833333,568.4166667,860.4166667,907.6666667,705.5833333,364.8333333,582.0833333,459.4166667,475.6666667,555.3333333,349.8333333,471.1666667,294.1666667,
313.9166667,257.3333333,132.5,120.5,94.58333333,161.25,119,240.4166667,152.6666667,121.4166667,354.9166667,177.6666667,383.0833333,810.75,647.8333333,624.5,449.5,102,143.1666667,90.66666667,173.3333333,118.75,119.6666667,134.4166667,183.75,120.5,71.75,75.16666667,94.58333333,95.25,132,177.1666667,176.25,209.6666667,184.9166667,235,252.3333333,886.75,1266.416667,575.1666667,347.9166667,516.5833333,395,402.5,385.75,463.9166667,399.3333333,319.8333333,
237.4166667,156.1666667,134.6666667,136.75,70.66666667,79,110.1666667,94.41666667,63.08333333,86.66666667,140.5833333,184.25,338.1666667,667.3333333,763.3333333,521.0833333,185.1666667,262.3333333,448.0833333,563.9166667,313,198.75,116.5,150.1666667,139.25,96.58333333,109.6666667,136.8333333,155,226.5833333,150.75,245.0833333,151.5,137.5,417.5833333,339.5833333,379.25,403.1666667,355,428.0833333,851,396.9166667,599.6666667,592.9166667,500,592.3333333,427.3333333,260.5833333,
239.9166667,73.58333333,223.3333333,136.5,119.5,196.3333333,194.4166667,128.5,161.1666667,89.66666667,183.3333333,148,294.3333333,777.25,798.9166667,371.75,193.1666667,172.1666667,135.4166667,128.4166667,218.0833333,431.5833333,121.5833333,153.5,128.5,108.6666667,268.75,108,124.1666667,205.5833333,215.5,254.0833333,191.6666667,203.8333333,323.25,326.8333333,352.5833333,231.75,252.8333333,530.75,508.0833333,918.75,688.5833333,432.8333333,527.0833333,527.25,474.5833333,371.6666667,
124.25,143.0833333,83.08333333,172.9166667,139.9166667,182.1666667,100.3333333,126.1666667,145.5833333,162.0833333,75.16666667,90.91666667,407.5833333,738.75,951.5,657.8333333,593.1666667,228.75,202.75,197.1666667,209.6666667,190.5833333,227.0833333,227.4166667,145,175,305.3333333,253.25,160.0833333,109.25,173.3333333,210,216.3333333,305.4166667,456.5,531.9166667,384.4166667,378.5,333.3333333,423.9166667,392.5,447.4166667,447.6666667,544.5,584,285.9166667,252.0833333,201.25,
239.1666667,252.25,149.5833333,185.0833333,119.1666667,233.75,133.25,151.8333333,131.4166667,181.9166667,188.8333333,161,186.0833333,311.4166667,275.5833333,464.25,589,354.75,437.25,259.3333333,195.5833333,216.0833333,175.5,189.75,184.0833333,138.25,108.25,147.25,261.75,385.5,463.75,258.4166667,412.75,265.75,258.5833333,240.4166667,143.6666667,271.5833333,292.8333333,892.25,498.8333333,503,447.6666667,479.4166667,589.4166667,428.75,285.8333333,290.4166667,
233.3333333,187.8333333,122.5,89.91666667,166,205.3333333,122.0833333,126,155.75,178.5,96,154,200.1666667,228.6666667,498.0833333,383.1666667,363.4166667,246.9166667,565.25,1073.166667,296.5,179.0833333,270.25,115.9166667,318.0833333,288.3333333,159.0833333,190.9166667,172.0833333,191.1666667,178.9166667,82.58333333,120.0833333,208.8333333,289.5833333,405.8333333,336.1666667,350.6666667,440.3333333,598.5,778.1666667,628.75,497.9166667,536.5833333,308.9166667,363.1666667,313,159.9166667,
142.6666667,155.8333333,190.3333333,176.1666667,119,190.9166667,103.0833333,114.5833333,99.41666667,103.3333333,129.1666667,209.0833333,199.6666667,226.4166667,418.5833333,450,325.0833333,1045.833333,603.0833333,171.8333333,105.6666667,81.25,235.5,145.5,73.08333333,124.75,106,63.33333333,91.16666667,132.9166667,92.58333333,153.75,443.25,488.5,360.1666667,338.6666667,434.9166667,393.3333333,376.8333333,461.5,562.1666667,492.25,557,660.5833333,460.25,671,442.9166667,245.25,
295.25,170.4166667,109.3333333,151.3333333,70.16666667,93.16666667,240.25,123.0833333,102.5,177.5833333,122.9166667,239.75,232.1666667,247.8333333,440.3333333,292.1666667,196,235.75,190.6666667,143.25,178.8333333,118.5,144.5,210.4166667,303.25,486.75,436.75,145.1666667,134.0833333,173.25,177.75,428.6666667,507.25,598.9166667,184.6666667,176.1666667,239.9166667,117.3333333,224.5,476.1666667,1061.833333,648.6666667,738.9166667,469.0833333,563.8333333,440.1666667,449,366.5,
